21
2 2
2 3
2 4
2 5
2 6
2 7
2 10
2 11
2 12
2 15
2 16
2 17
2 18
2 19
2 20
3 3
3 11
3 19
4 4
4 9
4 10
4 11
4 12
4 13
4 18
5 4
5 5
5 11
5 17
5 18
6 4
6 6
6 11
6 16
6 18
7 4
7 7
7 11
7 15
7 18
8 4
8 8
8 14
8 18
9 4
9 9
9 13
9 18
10 10
10 12
11 2
11 3
11 5
11 6
11 7
11 15
11 16
11 17
11 19
11 20
12 10
12 12
13 4
13 9
13 13
13 18
14 4
14 8
14 14
14 18
15 4
15 7
15 11
15 15
15 18
16 4
16 6
16 11
16 16
16 18
17 4
17 5
17 11
17 17
17 18
18 4
18 9
18 10
18 11
18 12
18 13
18 18
19 3
19 11
19 19
20 2
20 3
20 4
20 5
20 6
20 7
20 10
20 11
20 12
20 15
20 16
20 17
20 18
20 19
20 20
