25
1 9
1 18
2 8
2 17
3 6
3 18
4 9
4 15
5 2
5 4
5 6
5 8
5 9
5 11
5 13
5 15
5 17
5 18
5 20
5 22
6 2
6 8
6 15
6 20
6 22
7 4
7 8
7 9
7 13
7 22
7 25
8 2
8 4
8 11
8 13
8 15
8 19
8 20
8 22
8 24
9 5
9 7
9 10
9 11
9 13
9 14
9 15
9 19
9 20
9 21
9 22
9 24
10 7
10 8
10 15
10 19
11 2
11 3
11 4
11 5
11 7
11 8
11 13
11 15
11 19
11 21
11 22
11 24
12 8
12 13
12 15
12 23
12 24
13 2
13 3
13 4
13 10
13 11
13 12
13 17
13 18
13 23
13 24
14 2
14 4
14 5
14 13
14 22
14 23
14 24
15 6
15 7
15 8
15 10
15 15
15 16
15 20
15 21
16 7
16 9
16 17
17 11
17 12
17 14
17 17
17 20
18 2
18 4
18 14
18 20
19 2
19 5
19 6
19 9
19 14
19 20
20 1
20 10
20 18
20 20
20 22
21 11
21 16
21 19
21 20
21 21
21 23
21 24
22 2
22 9
22 10
22 12
22 23
22 24
23 2
23 3
23 13
23 15
23 16
24 4
24 7
24 9
24 15
24 16
24 18
25 9
25 10
25 20
