25
1 2
1 12
2 2
2 4
2 5
2 6
2 7
2 8
2 9
2 10
2 12
2 14
2 15
2 16
2 17
2 18
2 19
2 20
2 21
2 22
2 24
3 2
3 14
3 15
3 16
3 24
4 2
4 4
4 5
4 6
4 7
4 8
4 9
4 10
4 12
4 13
4 14
4 15
4 16
4 17
4 18
4 20
4 21
4 22
4 24
5 7
5 12
5 14
5 21
5 22
5 24
6 2
6 4
6 5
6 6
6 7
6 8
6 9
6 10
6 11
6 12
6 14
6 16
6 17
6 18
6 20
6 21
6 22
6 24
7 2
7 4
7 11
7 12
7 18
8 2
8 4
8 6
8 7
8 9
8 10
8 14
8 16
8 17
8 18
8 20
8 21
8 22
8 24
8 25
9 9
9 10
9 12
9 13
9 14
9 16
9 17
9 18
9 20
10 2
10 4
10 6
10 7
10 9
10 10
10 12
10 13
10 14
10 16
10 18
10 19
10 20
10 22
10 24
10 25
11 2
11 3
11 4
11 6
11 7
11 8
11 9
11 10
11 12
11 20
11 22
11 24
11 25
12 1
12 8
12 9
12 10
12 12
12 13
12 14
12 16
12 18
12 19
12 25
13 1
13 2
13 4
13 5
13 6
13 7
13 8
13 10
13 12
13 13
13 14
13 15
13 16
13 18
13 19
13 20
13 22
13 23
13 24
14 1
14 2
14 4
14 5
14 15
14 24
15 1
15 2
15 4
15 6
15 8
15 10
15 12
15 13
15 14
15 15
15 16
15 18
15 19
15 20
15 21
15 22
15 24
16 1
16 6
16 8
16 10
16 11
16 13
16 21
16 22
16 24
17 2
17 4
17 6
17 8
17 10
17 11
17 13
17 14
17 15
17 17
17 18
17 19
17 20
17 24
18 2
18 4
18 6
18 8
18 10
18 21
18 22
18 24
19 6
19 8
19 10
19 11
19 13
19 14
19 15
19 17
19 18
19 19
19 20
19 22
19 24
20 2
20 3
20 4
20 5
20 6
20 8
20 9
20 10
20 11
20 13
20 17
20 19
20 20
20 22
20 24
21 2
21 13
21 14
21 16
21 17
21 19
21 20
21 22
21 24
22 2
22 4
22 5
22 6
22 7
22 9
22 10
22 11
22 12
22 13
22 14
22 16
22 17
22 19
22 20
22 22
22 24
23 6
23 7
23 16
23 24
24 1
24 2
24 4
24 5
24 6
24 7
24 9
24 10
24 11
24 12
24 13
24 14
24 16
24 17
24 19
24 20
24 22
24 23
24 24
25 9
25 10
25 11
25 19
25 20