25
1 9
1 18
2 2
2 3
2 4
2 6
2 7
2 8
2 9
2 11
2 12
2 13
2 15
2 16
2 17
2 18
2 20
2 22
2 23
2 24
3 2
3 4
3 6
3 17
3 18
3 20
3 22
3 23
3 24
4 8
4 9
4 11
4 12
4 13
4 15
4 17
5 2
5 4
5 6
5 8
5 9
5 11
5 13
5 15
5 17
5 18
5 20
5 22
5 24
6 2
6 4
6 6
6 8
6 15
6 17
6 18
6 19
6 20
6 22
6 24
7 2
7 4
7 6
7 8
7 9
7 10
7 11
7 13
7 22
7 24
7 25
8 2
8 4
8 11
8 13
8 15
8 17
8 19
8 20
8 22
8 24
9 2
9 4
9 5
9 7
9 8
9 10
9 11
9 13
9 14
9 15
9 17
9 19
9 20
9 21
9 22
9 24
10 7
10 8
10 15
10 17
10 19
11 1
11 2
11 3
11 4
11 5
11 7
11 8
11 10
11 11
11 13
11 15
11 17
11 19
11 21
11 22
11 24
12 8
12 10
12 11
12 13
12 15
12 23
12 24
13 2
13 3
13 4
13 5
13 7
13 8
13 10
13 11
13 12
13 13
13 15
13 16
13 17
13 18
13 19
13 21
13 22
13 23
13 24
14 2
14 4
14 5
14 13
14 22
14 23
14 24
15 2
15 4
15 5
15 6
15 7
15 8
15 10
15 11
15 12
15 13
15 15
15 16
15 17
15 18
15 20
15 21
15 22
15 23
15 24
16 7
16 9
16 17
17 2
17 4
17 5
17 6
17 7
17 9
17 11
17 12
17 13
17 14
17 15
17 16
17 17
17 18
17 20
17 22
17 23
17 24
18 2
18 4
18 14
18 15
18 16
18 18
18 20
18 22
18 23
18 24
18 25
19 2
19 4
19 5
19 6
19 7
19 9
19 11
19 12
19 14
19 15
19 16
19 18
19 20
20 1
20 2
20 4
20 5
20 6
20 7
20 9
20 10
20 18
20 20
20 22
20 23
20 24
21 11
21 12
21 14
21 15
21 16
21 18
21 19
21 20
21 21
21 23
21 24
22 2
22 4
22 5
22 6
22 7
22 9
22 10
22 12
22 13
22 23
22 24
23 2
23 3
23 13
23 15
23 16
23 18
23 19
23 20
23 21
23 23
23 24
24 2
24 3
24 4
24 5
24 6
24 7
24 9
24 10
24 12
24 13
24 15
24 16
24 18
24 19
24 20
24 21
24 23
24 24
25 9
25 10
25 20